id,vernacularName,language,locality,countryCode,source,lexicon,contributor,created
188570,Pelian,und,"","",https://www.inaturalist.org/taxon_names/2619275/edit,Dusun,Wich’yanan (Jay) Limparungpatthanakij,2022-03-23T01:11:28Z
